2000
2059
42
2000
2029
1511
1500
3500
2000
1000
1000
2
2013
1099
11
1500
1500
120
1000
1
1500
1000
2000
3000
2000
1000
516
1048
1500
1000
16
1000
1500
1500
1415
680
1545
1500
223
7
2050
1000
237
100
238
2000
1013
1536
1000
2000
2030
1000
724
768
824
755
778
816
819
783
759
791
840
716
777
790
512
797
707
687
1000
1000
388
4
761
1000
1559
1062
880
750
1500
1039
1019
1042
117
664
1019
1036
1500
1528
1029
500
1
847
2000
815
1055
2000
1
1000
1059
134
78
1002
2069
1000
1000
1000
2000
1000
1000
2000
2000
2000
2023
1628
1044
319
25
20
32
1000
2000
2000
2000
1058
2000
2000
2282
2000
996
1536
1500
1516
1112
974
1027
1090
978
977
1100
1205
880
769
899
793
1035
952
877
739
914
1061
857
775
760
811
752
1036
978
812
1062
998
822
836
891
1085
756
804
954
1014
946
1060
1030
1457
1098
1029
1089
1016
1029
1000
1069
1063
1000
1071
1042
1047
1067
1009
1052
1059
1084
1067
1050
1043
1011
1095
1077
1215
1020
1035
1059
1048
1049
1058
1007
1000
1000
1063
1000
1091
1078
1000
1001
1026
1058
1029
1000
1000
1000
1000
1027
1068
1100
1038
1000
1000
1000
1000
1000
1000
1027
1000
1420
1000
1034
1050
1028
1000